-2.285587158203125000e+02 1.720331420898437500e+02 -3.590294265747070312e+01
-2.151188201904296875e+02 1.953396759033203125e+02 4.955789566040039062e+01
-2.202637939453125000e+02 1.976569976806640625e+02 -4.314000320434570312e+01
-2.273654327392578125e+02 1.676662139892578125e+02 -9.310740661621093750e+01
-2.146799316406250000e+02 -1.065930633544921875e+02 1.172477035522460938e+02
-1.845420837402343750e+02 -1.064677429199218750e+02 1.036476745605468750e+02
-2.006943359375000000e+02 -1.132552871704101562e+02 -1.416826324462890625e+02
-1.974131774902343750e+02 -1.077412567138671875e+02 1.022886371612548828e+01
-2.597276916503906250e+02 -1.027827453613281250e+02 -7.122427821159362793e-01
-1.973547821044921875e+02 -1.122934265136718750e+02 1.300809631347656250e+02
-2.060017089843750000e+02 -1.078604354858398438e+02 -1.828178405761718750e+02
-2.472660522460937500e+02 -9.489917755126953125e+01 -1.338227653503417969e+01
-2.174337005615234375e+02 -8.214826965332031250e+01 -9.880876159667968750e+01
-2.606958312988281250e+02 -1.219226226806640625e+02 -1.683530426025390625e+01
-2.005605316162109375e+02 -1.149549560546875000e+02 9.689360618591308594e+00
-2.700112609863281250e+02 -5.079951477050781250e+01 9.433615112304687500e+01
-2.327069396972656250e+02 -7.167571258544921875e+01 9.139593124389648438e+00
-2.719945983886718750e+02 -7.378752899169921875e+01 -3.435588455200195312e+01
-1.798541259765625000e+02 -3.752870178222656250e+01 1.262151718139648438e+02
-2.775786743164062500e+02 -7.584610748291015625e+01 5.915262603759765625e+01
-2.723887939453125000e+02 -7.054814147949218750e+01 -1.463087463378906250e+01
-2.226641540527343750e+02 -4.462493896484375000e+01 -1.807296295166015625e+02
-2.400397491455078125e+02 -4.367560958862304688e+01 -8.748447418212890625e+01
-1.965147552490234375e+02 -5.081155395507812500e+01 1.628835296630859375e+02
-1.862541809082031250e+02 -5.162135696411132812e+01 -1.167408981323242188e+02
-2.366180419921875000e+02 -4.183767318725585938e+01 -1.778997802734375000e+02
-2.604019470214843750e+02 -5.046682357788085938e+01 6.142881011962890625e+01
-1.892506866455078125e+02 -4.344718551635742188e+01 1.536392974853515625e+02
-2.665021057128906250e+02 -5.632436752319335938e+01 8.190424346923828125e+01
-2.250357055664062500e+02 -7.398968505859375000e+01 -1.814644622802734375e+02
-2.104910125732421875e+02 -3.347126388549804688e+01 1.555680847167968750e+02
-2.901248168945312500e+02 -5.062709426879882812e+01 -5.361910247802734375e+01
-2.372380218505859375e+02 1.477270812988281250e+02 -6.785933685302734375e+01
-2.594645385742187500e+02 1.318388214111328125e+02 4.668909454345703125e+01
-2.403242187500000000e+02 1.172881164550781250e+02 2.776643943786621094e+01
-1.999074096679687500e+02 1.087644653320312500e+02 5.113093185424804688e+01
-1.963367462158203125e+02 9.078419494628906250e+01 1.479278411865234375e+02
-2.177866363525390625e+02 6.376198196411132812e+01 1.960565643310546875e+02
-2.031463775634765625e+02 7.096536254882812500e+01 1.690846252441406250e+02
-2.429299316406250000e+02 1.074185943603515625e+02 -9.434693908691406250e+01
-2.778578491210937500e+02 7.001030731201171875e+01 3.515047454833984375e+01
-1.802864990234375000e+02 9.372805023193359375e+01 -1.739317626953125000e+02
-2.536259460449218750e+02 8.158939361572265625e+01 -4.718909072875976562e+01
-2.214059448242187500e+02 7.469773101806640625e+01 -1.863595123291015625e+02
-2.254902496337890625e+02 9.985397338867187500e+01 -1.416410217285156250e+02
-2.078239593505859375e+02 6.579532623291015625e+01 -1.219338531494140625e+02
-2.134362945556640625e+02 6.846120452880859375e+01 2.168707275390625000e+01
-2.079144134521484375e+02 7.397445678710937500e+01 -6.040267562866210938e+01
-2.394930877685546875e+02 6.265478515625000000e+01 -7.414141845703125000e+01
-2.220343933105468750e+02 9.915505981445312500e+01 -7.770066833496093750e+01
-2.608524169921875000e+02 7.413739776611328125e+01 -9.631621551513671875e+01
-1.848892822265625000e+02 6.502218627929687500e+01 2.630501556396484375e+01
-2.536676177978515625e+02 4.198833084106445312e+01 -1.338330535888671875e+02
-2.681567382812500000e+02 1.925692939758300781e+01 -1.559658336639404297e+01
-1.868204803466796875e+02 3.750120925903320312e+01 -7.158229827880859375e+01
-1.851011810302734375e+02 4.204233551025390625e+01 -1.397921295166015625e+02
-2.262703247070312500e+02 3.866662979125976562e+01 1.349913330078125000e+02
-2.629435729980468750e+02 2.579168701171875000e+01 -5.118892288208007812e+01
-1.970803070068359375e+02 2.415167045593261719e+01 -2.968473625183105469e+01
-2.871444091796875000e+02 4.967862319946289062e+01 2.562985229492187500e+01
-2.364011688232421875e+02 -1.626041030883789062e+01 -6.350432968139648438e+01
-2.253650207519531250e+02 -7.513244152069091797e-01 -5.829079818725585938e+01
-2.782365722656250000e+02 -6.382357597351074219e+00 -4.613994598388671875e+01
-2.426648101806640625e+02 -1.134568881988525391e+01 8.739328002929687500e+01
-1.999150390625000000e+02 6.810107707977294922e+00 -1.807691497802734375e+02
-2.653913574218750000e+02 8.445652008056640625e+00 1.141117382049560547e+01
-2.658412475585937500e+02 1.320599555969238281e+01 -1.250740890502929688e+02
-2.459718475341796875e+02 -3.037736129760742188e+01 4.834251785278320312e+01
-2.538049468994140625e+02 -1.998257827758789062e+01 -1.095940551757812500e+02
-1.905945739746093750e+02 1.303029060363769531e+01 -2.485148811340332031e+01
-2.501518554687500000e+02 1.057103443145751953e+01 -1.259448852539062500e+02
-2.579558410644531250e+02 -1.291697788238525391e+01 -1.230372619628906250e+02
-2.856003417968750000e+02 -5.139903068542480469e+00 -2.567399978637695312e+01
-1.852522888183593750e+02 -2.514621543884277344e+01 8.495877838134765625e+01
-2.262631988525390625e+02 -1.584409332275390625e+02 -6.993817901611328125e+01
-1.977860870361328125e+02 -1.641148376464843750e+02 1.365359954833984375e+02
-1.976392974853515625e+02 -1.686688232421875000e+02 1.296097259521484375e+02
-2.390639801025390625e+02 -1.429340209960937500e+02 -1.007486801147460938e+02
-2.055060729980468750e+02 -1.295543670654296875e+02 -1.326919555664062500e+02
-1.999866943359375000e+02 -1.753568115234375000e+02 1.121670074462890625e+02
-2.993458175659179688e+01 2.524956665039062500e+02 5.666748046875000000e+01
-4.010802459716796875e+01 2.726381530761718750e+02 2.307973289489746094e+01
-1.357284545898437500e+02 2.484086151123046875e+02 7.421475982666015625e+01
-1.566483855247497559e+00 2.672310791015625000e+02 -8.595932769775390625e+01
-1.747784137725830078e+00 2.742920532226562500e+02 9.074275970458984375e+01
-5.095324039459228516e+00 2.782475280761718750e+02 4.355044937133789062e+01
-9.457635879516601562e+00 2.490636291503906250e+02 -1.389288787841796875e+02
-3.370825576782226562e+01 2.507430267333984375e+02 5.480669140815734863e-01
-2.237934112548828125e+01 2.480616149902343750e+02 -1.212928848266601562e+02
-1.527560806274414062e+01 2.484484863281250000e+02 -1.502838745117187500e+02
-1.013066558837890625e+02 2.708507385253906250e+02 4.926681518554687500e+01
-1.199010620117187500e+02 2.651991577148437500e+02 -1.153325176239013672e+01
-1.521798858642578125e+02 -7.655849456787109375e+01 -1.218185272216796875e+02
-6.677590179443359375e+01 -5.386754608154296875e+01 1.817856445312500000e+02
-4.055074310302734375e+01 -6.364420318603515625e+01 -5.025646209716796875e+01
-2.671623039245605469e+01 -3.987768173217773438e+01 2.901438293457031250e+02
-1.231162872314453125e+02 -4.003384399414062500e+01 1.603407745361328125e+02
-5.491937255859375000e+01 -6.621122741699218750e+01 9.417733764648437500e+01
-1.213859329223632812e+02 -3.703390502929687500e+01 -2.284352416992187500e+02
-4.829928588867187500e+01 -7.523712158203125000e+01 2.855218505859375000e+02
-1.153437271118164062e+02 -3.413655471801757812e+01 -2.710007629394531250e+02
-5.046258926391601562e+01 -6.339430236816406250e+01 4.238640594482421875e+01
-1.258630523681640625e+02 -3.559225463867187500e+01 2.092604370117187500e+02
-1.609677581787109375e+02 -6.264434051513671875e+01 -3.793353080749511719e+00
-1.444626159667968750e+02 -7.344665527343750000e+01 -1.524666900634765625e+02
-9.453991889953613281e+00 -6.671282958984375000e+01 -9.530264282226562500e+01
-1.413082580566406250e+02 -3.311853408813476562e+01 -1.284024963378906250e+02
6.896679103374481201e-02 -3.810987854003906250e+01 2.736810607910156250e+02
-1.102904434204101562e+02 -7.190156555175781250e+01 -1.468295001983642578e+01
-7.516780853271484375e+01 -4.628651809692382812e+01 1.918483734130859375e+02
-4.526189327239990234e+00 -6.613854217529296875e+01 -4.600839614868164062e+01
-1.503462829589843750e+02 -4.569819641113281250e+01 -1.663739585876464844e+01
-1.227860717773437500e+02 -5.139563369750976562e+01 1.550253295898437500e+02
-1.109309539794921875e+02 -4.612833023071289062e+01 1.951854248046875000e+02
-1.446884307861328125e+02 -3.713594436645507812e+01 -1.370534667968750000e+02
-1.448447570800781250e+02 -3.927242660522460938e+01 -1.893472442626953125e+02
-1.267752685546875000e+02 -4.454713439941406250e+01 5.663584899902343750e+01
-1.309505844116210938e+01 -4.806437683105468750e+01 -2.738342895507812500e+02
-1.287927703857421875e+02 -6.381781005859375000e+01 3.838125228881835938e+01
-1.850911140441894531e+01 -5.031980514526367188e+01 2.884283828735351562e+01
-1.539546661376953125e+02 -5.279675292968750000e+01 -9.337448120117187500e+01
-7.029278564453125000e+01 -4.261494064331054688e+01 8.879411697387695312e+00
-2.078719902038574219e+01 -5.619726943969726562e+01 1.513735504150390625e+02
-2.445319175720214844e+01 -3.869829177856445312e+01 1.322893371582031250e+02
-6.281526565551757812e+01 -3.657162475585937500e+01 1.876687812805175781e+01
-1.051774520874023438e+02 -4.511203765869140625e+01 1.276895713806152344e+01
-2.553426933288574219e+01 -5.006710815429687500e+01 -2.892884826660156250e+02
-1.499773864746093750e+02 -5.689144897460937500e+01 -1.445919494628906250e+02
-7.369141387939453125e+01 -3.364513397216796875e+01 -7.214513778686523438e+00
-4.232933044433593750e+01 -1.619624328613281250e+02 -1.220559005737304688e+02
-8.352429962158203125e+01 -1.498264617919921875e+02 1.652544250488281250e+02
-1.631582489013671875e+02 -1.668911132812500000e+02 -1.684129028320312500e+02
-1.076347122192382812e+02 -1.630671997070312500e+02 -1.607220458984375000e+02
-2.270988082885742188e+01 -1.372941284179687500e+02 -5.557354354858398438e+01
-1.328721466064453125e+02 -1.483027648925781250e+02 -1.534519195556640625e+01
-8.663921356201171875e+01 -1.478588409423828125e+02 1.086203613281250000e+02
-1.261428985595703125e+02 -1.710348052978515625e+02 -1.067957611083984375e+02
-6.531869506835937500e+01 -1.704379730224609375e+02 4.359961318969726562e+01
-1.281537933349609375e+02 -1.459837799072265625e+02 1.683842773437500000e+02
-1.035251083374023438e+02 -1.302374114990234375e+02 -9.125939941406250000e+01
-1.136435089111328125e+02 -1.617234497070312500e+02 -4.785256958007812500e+01
-1.035094146728515625e+02 -1.561044921875000000e+02 2.737744522094726562e+01
-1.339376525878906250e+02 -1.338634948730468750e+02 -6.185574722290039062e+01
-7.113295745849609375e+01 -1.294364471435546875e+02 -2.092171173095703125e+02
-4.835919952392578125e+01 -1.265259628295898438e+02 4.602071762084960938e+01
-4.450959777832031250e+01 -1.305014343261718750e+02 -1.138662872314453125e+02
-4.437447357177734375e+01 -1.362788543701171875e+02 -2.553819122314453125e+02
-1.535722198486328125e+02 -1.536291656494140625e+02 9.241797637939453125e+01
-1.149119491577148438e+02 -1.265600204467773438e+02 -1.271235885620117188e+02
-2.415832996368408203e+00 -1.278832855224609375e+02 9.151600646972656250e+01
-1.790196418762207031e+01 -1.694513092041015625e+02 -5.706536483764648438e+01
-8.399772644042968750e+01 -1.097647399902343750e+02 -1.687868652343750000e+02
-1.659436187744140625e+02 -1.247492752075195312e+02 -7.598390960693359375e+01
-2.660934829711914062e+01 -9.576074981689453125e+01 -2.456032104492187500e+02
-1.119998703002929688e+02 -1.235017318725585938e+02 2.377343292236328125e+02
-6.023173141479492188e+01 -8.727349090576171875e+01 9.139540863037109375e+01
-7.140528106689453125e+01 -1.049015274047851562e+02 -2.290651550292968750e+02
-1.593698120117187500e+02 -1.055451431274414062e+02 1.634148254394531250e+02
-8.566447257995605469e+00 -8.182753753662109375e+01 7.416711330413818359e+00
-1.226565017700195312e+02 -8.863857269287109375e+01 -1.943648376464843750e+02
-3.047236824035644531e+01 -9.050582885742187500e+01 -1.119654159545898438e+02
-2.565938949584960938e+00 -9.646232604980468750e+01 2.271703643798828125e+02
-8.286904144287109375e+01 -1.109708480834960938e+02 -1.650961914062500000e+02
-1.182719955444335938e+02 -1.228255081176757812e+02 1.606167144775390625e+02
-1.026201705932617188e+02 -1.094195327758789062e+02 -2.934820175170898438e+01
-1.892949295043945312e+01 -1.170429000854492188e+02 -6.279179573059082031e+00
-7.789548492431640625e+01 -1.132263183593750000e+02 -1.732136688232421875e+02
-1.036827239990234375e+02 -9.558047485351562500e+01 2.209054565429687500e+02
-1.179958114624023438e+02 -1.040595321655273438e+02 1.099537200927734375e+02
-7.774906158447265625e+01 -1.167288131713867188e+02 -1.920664062500000000e+02
-4.319992065429687500e+00 -9.185404205322265625e+01 2.424242248535156250e+02
-1.565428619384765625e+02 -8.826516723632812500e+01 -1.068421783447265625e+02
-1.590716705322265625e+02 -1.171629257202148438e+02 1.412258758544921875e+02
-8.109266662597656250e+01 -8.490592956542968750e+01 -2.634618225097656250e+02
-1.085669708251953125e+02 -9.776123046875000000e+01 -7.653236389160156250e+01
-1.382871551513671875e+02 -8.628792572021484375e+01 -4.995816040039062500e+01
-7.586238861083984375e+00 -1.106157684326171875e+02 -1.347745666503906250e+02
-2.078152179718017578e+00 -9.761872863769531250e+01 2.373057098388671875e+02
-1.053873214721679688e+02 -1.128400802612304688e+02 -2.567612457275390625e+01
-1.746957244873046875e+02 -1.030097045898437500e+02 -8.460577392578125000e+01
-1.267329406738281250e+02 -1.026200561523437500e+02 -6.330868530273437500e+01
-9.831902313232421875e+01 -1.249647903442382812e+02 2.118205413818359375e+02
-1.089270401000976562e+02 -1.138944702148437500e+02 -2.560313606262207031e+01
-1.474262542724609375e+02 -9.997899627685546875e+01 1.985997009277343750e+02
-1.108724365234375000e+02 -1.192205963134765625e+02 1.424340057373046875e+02
-1.244247665405273438e+02 -9.875166320800781250e+01 9.242180633544921875e+01
-1.655468597412109375e+02 -9.784606933593750000e+01 -1.823980712890625000e+02
-1.255031585693359375e+02 3.982662582397460938e+01 5.996141433715820312e+01
-2.146381187438964844e+01 4.025175857543945312e+01 3.996033477783203125e+01
-4.686506271362304688e+01 4.149847793579101562e+01 7.799194335937500000e+01
-1.695668792724609375e+01 4.974531173706054688e+01 -2.307822875976562500e+02
-1.308552398681640625e+02 5.067847824096679688e+01 -2.626325073242187500e+02
-1.247546157836914062e+02 1.715850067138671875e+01 -1.534408111572265625e+02
-8.010475921630859375e+01 4.689077758789062500e+01 -6.726225280761718750e+01
-9.952811431884765625e+01 5.946008682250976562e+01 -6.786365509033203125e+00
-9.563815307617187500e+01 4.068365478515625000e+01 -2.243961486816406250e+02
-1.191532897949218750e+02 1.771271896362304688e+01 -1.866379699707031250e+02
-1.041318359375000000e+02 4.727589035034179688e+01 8.926142120361328125e+01
-8.079398345947265625e+01 5.017039108276367188e+01 -9.900720214843750000e+01
-1.523512878417968750e+02 3.938814163208007812e+01 -1.357036743164062500e+02
-5.139986419677734375e+01 2.619426727294921875e+01 -8.965006828308105469e+00
-1.110452346801757812e+02 2.800841903686523438e+01 -4.667470169067382812e+01
-7.899925231933593750e+01 1.667338562011718750e+01 -1.305332469940185547e+01
-2.445499038696289062e+01 2.361662292480468750e+01 -2.206283874511718750e+02
-3.632238388061523438e+01 4.195280456542968750e+01 -2.214402580261230469e+01
-1.760415954589843750e+02 4.019737625122070312e+01 1.412077789306640625e+02
-2.844828224182128906e+01 1.979634666442871094e+01 9.109822082519531250e+01
-7.447383117675781250e+01 3.965285110473632812e+01 9.839418792724609375e+01
-2.551464271545410156e+01 2.462914466857910156e+01 2.203543243408203125e+02
-1.366020355224609375e+02 4.335192108154296875e+01 1.499491119384765625e+02
-1.113225021362304688e+02 3.605459213256835938e+01 6.789061737060546875e+01
-9.250081634521484375e+01 2.643000030517578125e+01 2.310842132568359375e+02
-5.430997848510742188e+01 3.264479827880859375e+01 1.762534637451171875e+02
-7.759658813476562500e+01 6.044287109375000000e+01 -2.866004180908203125e+01
-2.974624443054199219e+01 3.417492675781250000e+01 8.005328178405761719e+00
-2.380893135070800781e+01 -2.929176902770996094e+01 -2.464965209960937500e+02
-1.693922233581542969e+01 -1.446107292175292969e+01 -2.277557373046875000e+02
-1.497847900390625000e+02 -1.977982902526855469e+01 -1.061151809692382812e+02
-1.187569580078125000e+02 -2.361584091186523438e+01 9.367892456054687500e+01
-1.004349040985107422e+01 -1.606517219543457031e+01 -1.621188964843750000e+02
-4.055948257446289062e+01 -3.223574447631835938e+01 2.702481460571289062e+01
-6.633463287353515625e+01 -2.722411346435546875e+01 -2.262015075683593750e+02
-1.637430114746093750e+02 -3.033797073364257812e+01 -1.242808074951171875e+02
-5.343990707397460938e+01 9.097565650939941406e+00 -2.673201293945312500e+02
-3.458531188964843750e+01 -1.361523246765136719e+01 1.549759674072265625e+02
-9.977471160888671875e+01 -2.710432291030883789e+00 -2.191242675781250000e+02
-1.539515533447265625e+02 -4.744080066680908203e+00 2.437221527099609375e+02
-2.272065877914428711e+00 -1.936478996276855469e+01 -1.885001678466796875e+02
-1.443100433349609375e+02 -8.642887115478515625e+00 1.434040641784667969e+01
-4.684417343139648438e+01 9.712719917297363281e+00 1.601684112548828125e+02
1.795645952224731445e-01 -2.445676612854003906e+01 -3.047207641601562500e+01
-9.838863372802734375e+00 -1.296921539306640625e+01 -7.126555633544921875e+01
-5.782799720764160156e-01 1.396969795227050781e+01 2.442594757080078125e+02
-5.613733673095703125e+01 -2.036553764343261719e+01 7.120760345458984375e+01
-6.604003906250000000e+01 -1.513548183441162109e+01 -7.323073577880859375e+01
-1.578260803222656250e+02 1.844365239143371582e+00 -2.738253974914550781e+01
-4.951376342773437500e+01 2.270487070083618164e+00 1.217502975463867188e+02
-1.740259704589843750e+02 -2.700424575805664062e+01 -1.037985000610351562e+02
-1.347821350097656250e+02 7.976122379302978516e+00 -1.730049896240234375e+02
-8.971479797363281250e+01 -9.256304740905761719e+00 -1.268830184936523438e+02
-7.150360870361328125e+01 -4.396864891052246094e+00 1.840547790527343750e+02
-6.503993988037109375e+01 -5.895389080047607422e+00 -2.914249877929687500e+02
-4.946587085723876953e+00 7.505820751190185547e+00 2.992237854003906250e+02
1.266870260238647461e+00 -7.938142299652099609e+00 2.779668884277343750e+02
-1.584180145263671875e+02 -7.859223365783691406e+00 1.818473815917968750e+02
-1.671283721923828125e+02 9.756283760070800781e+00 -2.426477966308593750e+02
-1.098904800415039062e+02 -2.182598686218261719e+01 -1.883812522888183594e+01
-3.533796310424804688e+01 2.644200325012207031e+00 -2.390066375732421875e+02
-1.471470031738281250e+02 -2.838497352600097656e+01 2.178617858886718750e+02
-7.986441802978515625e+01 -2.310566663742065430e+00 -6.719989013671875000e+01
-1.278958511352539062e+02 -7.128475666046142578e+00 8.439018249511718750e+01
-1.549042205810546875e+02 -1.742695569992065430e+00 1.684514160156250000e+02
-6.974767303466796875e+01 6.060631275177001953e+00 -3.795270156860351562e+01
-6.035802078247070312e+01 -2.041404342651367188e+01 -2.011019325256347656e+01
-8.945766448974609375e+01 2.178564147949218750e+02 -1.374689941406250000e+02
-4.972624588012695312e+01 2.216457824707031250e+02 -9.733035278320312500e+01
-7.592715454101562500e+01 2.124199371337890625e+02 -1.237771530151367188e+02
-4.986002731323242188e+01 2.064367370605468750e+02 7.728570556640625000e+01
-1.344017791748046875e+02 2.341020965576171875e+02 5.996358871459960938e+01
-1.687699432373046875e+02 2.117362670898437500e+02 -6.222543716430664062e+01
-4.981043338775634766e+00 2.011780548095703125e+02 -6.196366500854492188e+01
-1.050751724243164062e+02 2.114325561523437500e+02 1.665012512207031250e+02
-1.381191253662109375e+02 2.041701660156250000e+02 -1.267718887329101562e+02
-3.689064025878906250e+01 2.297834777832031250e+02 -1.668083190917968750e+02
-1.560133666992187500e+02 2.189010314941406250e+02 -1.175965347290039062e+02
-1.688289489746093750e+02 2.129106750488281250e+02 -9.983701705932617188e+00
-1.525491333007812500e+02 2.339004974365234375e+02 -5.341566467285156250e+01
-2.485587501525878906e+01 2.376455535888671875e+02 -3.808100891113281250e+01
-5.913979339599609375e+01 2.080596466064453125e+02 -7.676711273193359375e+01
-1.662803802490234375e+02 2.130551605224609375e+02 -5.789088439941406250e+01
-6.122570800781250000e+01 2.085777130126953125e+02 1.745010375976562500e+02
-1.088113708496093750e+02 2.154051513671875000e+02 -1.883094215393066406e+01
-1.176804504394531250e+02 -1.737118225097656250e+02 -2.570428085327148438e+01
-8.145067596435546875e+01 -1.955256805419921875e+02 -4.917240905761718750e+01
-3.286680221557617188e+01 -2.046443634033203125e+02 -1.142796401977539062e+02
-8.046222686767578125e+01 -2.039586486816406250e+02 1.311486206054687500e+02
-1.531791381835937500e+02 -2.116875762939453125e+02 -4.258697509765625000e+00
-6.856844329833984375e+01 -2.144864044189453125e+02 1.938351135253906250e+02
-1.475962677001953125e+02 -2.116130523681640625e+02 -1.064495239257812500e+02
-9.695833587646484375e+01 -1.962020111083984375e+02 -1.552936859130859375e+02
-1.573562316894531250e+02 -2.186629180908203125e+02 1.216905021667480469e+01
-6.411957550048828125e+01 -1.768375549316406250e+02 -2.203272399902343750e+02
-6.726644897460937500e+01 -1.951559906005859375e+02 -9.973743438720703125e+01
-1.188534088134765625e+02 -1.849975738525390625e+02 -7.540630340576171875e+01
-9.753770828247070312e+00 -1.890756225585937500e+02 -2.006729278564453125e+02
-8.149860382080078125e+01 -1.765510559082031250e+02 2.169774932861328125e+02
-1.742218170166015625e+02 -2.001271057128906250e+02 -2.574980163574218750e+01
-1.135090942382812500e+02 -1.817611999511718750e+02 -1.522300815582275391e+01
-8.418091583251953125e+01 -2.030060729980468750e+02 5.236704945564270020e-01
-1.545903167724609375e+02 -2.539009857177734375e+02 1.016653442382812500e+01
-8.558087158203125000e+01 -2.589962768554687500e+02 -3.855004501342773438e+01
-7.190339660644531250e+01 -2.319170227050781250e+02 1.493858947753906250e+02
-8.546485137939453125e+01 -2.324736633300781250e+02 -1.551370697021484375e+02
-1.152096557617187500e+02 -2.347519226074218750e+02 -1.146729965209960938e+02
-1.001853408813476562e+02 -2.203666229248046875e+02 -1.184135246276855469e+01
-1.279382801055908203e+01 -2.529475402832031250e+02 2.122209548950195312e+01
-1.683031272888183594e+01 -2.258015747070312500e+02 6.215750503540039062e+01
-2.946645545959472656e+01 -2.439337158203125000e+02 7.825590515136718750e+01
-3.909281921386718750e+01 -2.628724975585937500e+02 -1.251409454345703125e+02
-3.969697952270507812e+01 -2.419122467041015625e+02 -4.770650482177734375e+01
-3.183275413513183594e+01 -2.444834442138671875e+02 5.939869689941406250e+01
-3.610155868530273438e+01 -2.319021606445312500e+02 -1.827510681152343750e+02
-3.339976310729980469e+00 -2.345603179931640625e+02 1.596993865966796875e+02
-1.137334213256835938e+02 -2.485380859375000000e+02 -6.612199401855468750e+01
-4.563239574432373047e+00 -2.427682495117187500e+02 -7.280493927001953125e+01
-9.798302459716796875e+01 -2.373222198486328125e+02 9.571377563476562500e+01
-7.054940032958984375e+01 -2.535025482177734375e+02 -2.100177955627441406e+01
-3.457039260864257812e+01 1.021843414306640625e+02 1.531588134765625000e+02
-1.597335510253906250e+02 6.374722290039062500e+01 6.239847946166992188e+01
-5.367217254638671875e+01 9.264145660400390625e+01 9.250489044189453125e+01
-1.666770172119140625e+02 8.325177001953125000e+01 -1.783959808349609375e+02
-8.225012969970703125e+01 8.841620635986328125e+01 -2.467309112548828125e+02
-1.643406982421875000e+02 8.250590515136718750e+01 1.559358062744140625e+02
-1.310844726562500000e+02 7.547179412841796875e+01 8.445401000976562500e+01
-9.730664825439453125e+01 9.325576019287109375e+01 -2.572992553710937500e+02
-8.820600128173828125e+01 1.026808547973632812e+02 1.546122741699218750e+02
-9.078750610351562500e+01 8.296092987060546875e+01 8.639049530029296875e+00
-7.431687927246093750e+01 9.538886260986328125e+01 2.278400115966796875e+02
-5.936302566528320312e+01 8.463224029541015625e+01 -1.425975646972656250e+02
-8.904729843139648438e+00 7.416292572021484375e+01 2.506056213378906250e+02
-9.480271148681640625e+01 7.942877960205078125e+01 4.122906684875488281e+00
-1.435174407958984375e+02 6.553891754150390625e+01 -2.070926971435546875e+02
-1.657412109375000000e+02 7.519812011718750000e+01 1.054061584472656250e+02
-1.014800186157226562e+02 9.752021026611328125e+01 -1.745028228759765625e+02
-1.435553131103515625e+02 9.069888305664062500e+01 -5.436764526367187500e+01
-1.175732421875000000e+02 9.491661071777343750e+01 8.989916992187500000e+01
-6.538903045654296875e+01 7.924649047851562500e+01 -8.924188232421875000e+01
-1.775959625244140625e+02 8.077805328369140625e+01 1.507185363769531250e+02
-1.301081237792968750e+02 8.627004241943359375e+01 1.993600311279296875e+02
-9.320741271972656250e+01 1.023618621826171875e+02 2.255403137207031250e+02
-1.209324340820312500e+02 9.278491973876953125e+01 -4.918865585327148438e+01
-7.888303375244140625e+01 8.384354400634765625e+01 -1.693798370361328125e+02
-7.386050415039062500e+01 7.366606903076171875e+01 -5.019751739501953125e+01
-1.426404113769531250e+02 1.052252502441406250e+02 2.147690124511718750e+02
-1.004187469482421875e+02 9.632013702392578125e+01 -1.461390228271484375e+02
-1.344802551269531250e+02 9.946001434326171875e+01 -6.236401796340942383e-01
-1.994001960754394531e+01 6.776163482666015625e+01 1.836148223876953125e+02
-8.447019958496093750e+01 6.886286926269531250e+01 -1.327599945068359375e+02
-1.245218505859375000e+02 7.582877349853515625e+01 1.268829498291015625e+02
-2.885494041442871094e+01 8.505008697509765625e+01 -8.697848510742187500e+01
-1.398354339599609375e+02 1.004035034179687500e+02 3.728453063964843750e+01
-4.337671279907226562e+00 1.069598312377929688e+02 -2.242977752685546875e+02
-8.472934722900390625e+01 6.484279632568359375e+01 7.666426849365234375e+01
-1.076274871826171875e+02 1.064790344238281250e+02 -2.270161056518554688e+01
-5.061820602416992188e+01 7.442411041259765625e+01 -9.373866271972656250e+01
1.133731126785278320e+00 8.902941131591796875e+01 -1.581906433105468750e+02
-1.243092346191406250e+02 8.127095794677734375e+01 5.823341369628906250e+01
-1.188157196044921875e+02 6.927037048339843750e+01 3.310774612426757812e+01
-1.862629318237304688e+01 -2.683954162597656250e+02 1.300170288085937500e+02
-7.336154174804687500e+01 -2.700948486328125000e+02 -4.250712966918945312e+01
-5.742084884643554688e+01 1.100866165161132812e+02 1.247350540161132812e+02
-7.590219879150390625e+01 1.218143310546875000e+02 -1.794190063476562500e+02
-5.400297546386718750e+01 1.142842712402343750e+02 1.274804534912109375e+02
-1.450093383789062500e+02 1.212206497192382812e+02 -1.851893310546875000e+02
-1.219446258544921875e+02 1.394881134033203125e+02 1.685422363281250000e+02
-5.248543930053710938e+01 1.352025451660156250e+02 -1.497113800048828125e+02
-1.160852203369140625e+02 1.219158172607421875e+02 -5.301236343383789062e+01
-1.587935638427734375e+02 1.295799560546875000e+02 -5.110800170898437500e+01
-1.281183013916015625e+02 1.509802398681640625e+02 -3.697739028930664062e+01
7.147797942161560059e-01 1.188490982055664062e+02 -6.398585510253906250e+01
-3.470185756683349609e+00 1.284802856445312500e+02 -1.558339385986328125e+02
-8.500084686279296875e+01 1.498275756835937500e+02 -1.057313690185546875e+02
-2.142092514038085938e+01 1.088200759887695312e+02 2.048666534423828125e+02
-6.275188064575195312e+01 1.369333801269531250e+02 9.238362121582031250e+01
-2.745472717285156250e+01 1.327098236083984375e+02 8.142436981201171875e+01
-1.728189239501953125e+02 1.532169036865234375e+02 -3.195194816589355469e+01
-3.382052993774414062e+01 1.490832672119140625e+02 -6.416616058349609375e+01
-4.303206634521484375e+01 1.313932800292968750e+02 -8.891014862060546875e+01
-3.732825469970703125e+01 1.341018981933593750e+02 1.949284820556640625e+02
-3.107760429382324219e+01 1.133168563842773438e+02 2.094832763671875000e+02
-4.165185928344726562e+01 1.349462127685546875e+02 2.190527648925781250e+02
-5.312592315673828125e+01 1.410773162841796875e+02 1.398588714599609375e+02
-1.156818618774414062e+02 1.184160919189453125e+02 1.611152496337890625e+02
-3.240923690795898438e+01 1.119645919799804688e+02 1.590675506591796875e+02
-9.082667541503906250e+01 1.281568756103515625e+02 8.960047149658203125e+01
-1.097623901367187500e+02 1.259317016601562500e+02 -1.049171981811523438e+02
-5.985692214965820312e+01 1.134927062988281250e+02 -1.041027145385742188e+02
-1.285159301757812500e+02 1.371606750488281250e+02 -1.485789184570312500e+02
-1.557747554779052734e+01 1.111567306518554688e+02 1.038006286621093750e+02
-7.261377716064453125e+01 1.367435913085937500e+02 -1.668466644287109375e+02
-1.535957489013671875e+02 1.443780517578125000e+02 2.016290588378906250e+02
-4.921459960937500000e+01 1.961917266845703125e+02 -1.430492401123046875e+02
-1.378392486572265625e+02 2.006039581298828125e+02 -2.292443275451660156e+01
-3.397500228881835938e+01 1.652121582031250000e+02 -3.099942207336425781e+01
-1.759521179199218750e+02 1.740705261230468750e+02 -1.627840118408203125e+02
-1.711417083740234375e+02 1.976494293212890625e+02 -3.573152720928192139e-01
-1.350063018798828125e+02 1.758324127197265625e+02 1.477478790283203125e+02
-1.371343231201171875e+02 1.604689636230468750e+02 -1.153120269775390625e+02
-1.586868743896484375e+02 1.984975738525390625e+02 -1.236134414672851562e+02
-1.498362121582031250e+02 1.688666381835937500e+02 9.055685424804687500e+01
-1.539839019775390625e+02 1.755328979492187500e+02 -7.970480918884277344e+00
-8.038537979125976562e+00 1.808684997558593750e+02 -1.739931678771972656e+01
-1.236755752563476562e+02 1.743880462646484375e+02 8.483607482910156250e+01
-4.844618606567382812e+01 1.976161041259765625e+02 -7.929447937011718750e+01
-1.375401611328125000e+02 1.709044189453125000e+02 -1.177331314086914062e+02
-1.604523277282714844e+01 1.957191467285156250e+02 1.990617942810058594e+01
-1.345204620361328125e+02 1.543707427978515625e+02 6.864167785644531250e+01
-1.579768371582031250e+02 1.903056488037109375e+02 1.427885589599609375e+02
-5.118247604370117188e+01 2.004290313720703125e+02 4.658839797973632812e+01
-1.735503692626953125e+02 1.804677124023437500e+02 -4.163181686401367188e+01
-6.481164550781250000e+01 1.565845642089843750e+02 1.310741119384765625e+02
-4.870491027832031250e+01 1.738829498291015625e+02 -1.208756065368652344e+01
-9.204217529296875000e+01 1.689954528808593750e+02 2.562922859191894531e+01
-1.065004806518554688e+02 1.990505828857421875e+02 -2.348787498474121094e+01
-6.766204833984375000e+01 1.918655548095703125e+02 -4.384526824951171875e+01
-1.574398956298828125e+02 1.779076690673828125e+02 -1.113380661010742188e+02
-5.237580871582031250e+01 1.730476226806640625e+02 -2.384943542480468750e+02
-1.337044219970703125e+02 1.592941436767578125e+02 1.231011581420898438e+02
-3.600031661987304688e+01 1.706179504394531250e+02 -1.501110992431640625e+02
-1.608311614990234375e+02 1.561663055419921875e+02 -1.297232971191406250e+02
-1.252023162841796875e+02 1.893523254394531250e+02 -3.303094387054443359e+00
-8.613596343994140625e+01 1.701885833740234375e+02 1.701480712890625000e+02
-5.523838424682617188e+01 1.792238922119140625e+02 5.944773101806640625e+01
-1.094461975097656250e+02 1.923619537353515625e+02 -1.919289970397949219e+01
-1.731522979736328125e+02 1.884398651123046875e+02 -8.378376007080078125e+01
-4.413015365600585938e+01 1.793746490478515625e+02 1.947528228759765625e+02
-1.309002227783203125e+02 1.613005371093750000e+02 1.122744903564453125e+02
-1.542881011962890625e+02 1.743475189208984375e+02 -1.034093704223632812e+02
-1.330174865722656250e+02 2.001002502441406250e+02 -1.859106636047363281e+01
-6.317689132690429688e+01 1.644888458251953125e+02 -1.387562866210937500e+02
1.073776702880859375e+02 -1.335993499755859375e+02 -5.732568359375000000e+01
1.136532897949218750e+02 -1.681358337402343750e+02 7.339881896972656250e+01
9.718148040771484375e+01 -1.585207672119140625e+02 6.180329132080078125e+01
1.417831573486328125e+02 -1.633933105468750000e+02 -1.773091278076171875e+02
8.337306213378906250e+01 -1.385126037597656250e+02 2.185814514160156250e+02
1.586134338378906250e+02 -1.590235748291015625e+02 -9.554280281066894531e+00
1.004504623413085938e+02 -1.368826599121093750e+02 -1.702427673339843750e+01
1.780634307861328125e+02 -1.576359405517578125e+02 -9.350152587890625000e+01
1.285947875976562500e+02 -1.383779754638671875e+02 5.405438613891601562e+01
3.978088760375976562e+01 -1.365815734863281250e+02 1.081900634765625000e+02
3.895254135131835938e+01 -1.386591339111328125e+02 -1.877434844970703125e+02
8.258945465087890625e+01 -1.508307189941406250e+02 6.679414367675781250e+01
7.568613433837890625e+01 -1.423202362060546875e+02 -2.418015289306640625e+02
1.598954925537109375e+02 -1.480040130615234375e+02 -1.940927276611328125e+02
5.541508483886718750e+01 -1.409216613769531250e+02 1.608429870605468750e+02
4.830000686645507812e+01 -1.334699249267578125e+02 8.987165069580078125e+01
1.742712707519531250e+02 -1.425418243408203125e+02 -1.908183746337890625e+02
4.432732391357421875e+01 -1.283671417236328125e+02 -1.237829895019531250e+02
1.289118385314941406e+01 -1.557775726318359375e+02 -9.786235046386718750e+01
1.066535034179687500e+02 -1.584299926757812500e+02 3.507881164550781250e+01
6.106504440307617188e+00 -1.289996032714843750e+02 -7.891863250732421875e+01
1.318197784423828125e+02 -1.393462524414062500e+02 -1.780245208740234375e+02
1.474246673583984375e+02 -1.525297088623046875e+02 -4.060710430145263672e+00
1.326821289062500000e+02 -1.446775512695312500e+02 -1.969013671875000000e+02
9.385601043701171875e+01 -1.495182342529296875e+02 1.147280197143554688e+02
5.867943286895751953e+00 1.770151214599609375e+02 -9.135502624511718750e+01
3.798207092285156250e+01 1.735529327392578125e+02 -1.066767883300781250e+02
1.726846618652343750e+02 1.863398132324218750e+02 1.585239868164062500e+02
1.763309631347656250e+02 1.730695037841796875e+02 1.769177246093750000e+01
8.790594482421875000e+01 2.002167663574218750e+02 -4.711595153808593750e+01
2.606819152832031250e+01 2.004429779052734375e+02 1.950037765502929688e+01
1.440329132080078125e+02 1.673890991210937500e+02 -2.357817268371582031e+01
1.271953868865966797e+01 1.847744445800781250e+02 -2.034959411621093750e+02
1.156135406494140625e+02 1.825673217773437500e+02 -7.005901336669921875e+01
4.165116500854492188e+01 1.662837677001953125e+02 1.919679260253906250e+01
4.224658966064453125e+01 1.574300231933593750e+02 -2.468188781738281250e+02
1.041144409179687500e+02 1.838905334472656250e+02 -1.444895172119140625e+02
5.142584609985351562e+01 1.974835815429687500e+02 1.231314468383789062e+02
5.091638565063476562e+01 2.005784606933593750e+02 -6.649834442138671875e+01
2.275644493103027344e+01 1.949678192138671875e+02 -2.133503112792968750e+02
8.115400695800781250e+01 1.598977508544921875e+02 -2.369327926635742188e+01
1.323958129882812500e+02 1.881681060791015625e+02 3.249479293823242188e+01
5.884519195556640625e+01 1.773503112792968750e+02 -7.369300842285156250e+01
8.381755065917968750e+01 1.922792968750000000e+02 -5.141431427001953125e+01
1.651831817626953125e+02 1.873528289794921875e+02 1.250341873168945312e+02
5.850304794311523438e+01 2.413249397277832031e+01 1.380766448974609375e+02
3.865242004394531250e+01 3.128986358642578125e+01 -2.065706825256347656e+01
8.885169219970703125e+01 3.648740005493164062e+01 -1.504791564941406250e+02
7.741289520263671875e+01 2.456007766723632812e+01 7.922462463378906250e+01
1.681005401611328125e+02 6.006139373779296875e+01 1.270096969604492188e+02
1.047447433471679688e+02 4.497243881225585938e+01 -3.565576553344726562e+01
5.588707351684570312e+01 4.756841659545898438e+01 1.171735916137695312e+02
3.601527023315429688e+01 3.419624710083007812e+01 3.666621017456054688e+01
1.823211059570312500e+02 5.640625381469726562e+01 -3.062747192382812500e+01
1.224289093017578125e+02 2.863171005249023438e+01 -8.859820556640625000e+01
8.838638305664062500e+01 3.723705291748046875e+01 -1.594638519287109375e+02
8.793598175048828125e+01 1.406641769409179688e+01 3.644628524780273438e+01
1.092515869140625000e+02 5.995048904418945312e+01 -1.915461425781250000e+02
1.643231658935546875e+02 3.273152923583984375e+01 2.259723205566406250e+02
1.600944213867187500e+02 3.007274246215820312e+01 -1.512580261230468750e+02
1.454278411865234375e+02 4.571184158325195312e+01 -1.630461120605468750e+02
6.823006439208984375e+01 5.617778015136718750e+01 2.296465759277343750e+02
6.121719360351562500e+01 2.730023384094238281e+01 -1.085347843170166016e+01
3.554375457763671875e+01 3.525711441040039062e+01 -3.655512619018554688e+01
1.852032279968261719e+01 1.682885551452636719e+01 -2.162152252197265625e+02
1.016687698364257812e+02 5.233895111083984375e+01 2.225056648254394531e+01
1.239197387695312500e+02 4.284204101562500000e+01 2.220540428161621094e+01
1.195752029418945312e+02 2.946707344055175781e+01 -1.527728729248046875e+02
1.752517318725585938e+01 3.205788421630859375e+01 1.905781097412109375e+02
9.985901641845703125e+01 4.591540908813476562e+01 -1.086336898803710938e+02
6.923160552978515625e+01 5.099971771240234375e+01 2.225605163574218750e+02
7.243677520751953125e+01 2.284805870056152344e+01 2.488444519042968750e+01
4.101609420776367188e+01 1.891906166076660156e+01 -1.967766880989074707e+00
3.191988563537597656e+01 4.395910263061523438e+01 2.487458038330078125e+02
2.397810173034667969e+01 4.964588165283203125e+01 -1.166616344451904297e+01
3.032094192504882812e+01 4.695246124267578125e+01 -3.770857238769531250e+01
3.687295532226562500e+01 3.520670318603515625e+01 -5.087371826171875000e+01
1.651702499389648438e+01 2.471381950378417969e+01 5.711874961853027344e+00
5.827529525756835938e+01 4.520626068115234375e+01 -1.511038112640380859e+01
9.861910820007324219e+00 3.004495811462402344e+01 2.186423797607421875e+02
1.065652999877929688e+02 2.636630630493164062e+01 -2.934589195251464844e+01
7.002976226806640625e+01 5.411215209960937500e+01 -2.723325500488281250e+02
4.734449005126953125e+01 1.463778495788574219e+01 -1.062352294921875000e+02
8.768971252441406250e+01 1.596322345733642578e+01 2.566346130371093750e+02
9.487182617187500000e+01 1.906396484375000000e+01 -2.188453369140625000e+02
7.691245269775390625e+01 4.796160888671875000e+01 -6.031209945678710938e+01
3.043354034423828125e+01 2.278037261962890625e+01 2.334821701049804688e+01
1.545655975341796875e+02 4.113815307617187500e+01 -1.640061950683593750e+02
9.077745819091796875e+01 2.742331314086914062e+01 -2.512210540771484375e+02
6.522932052612304688e+00 5.972247695922851562e+01 -1.667064514160156250e+02
2.273401832580566406e+01 6.050608444213867188e+01 -2.274828643798828125e+02
4.308361816406250000e+01 1.316978912353515625e+02 9.333976745605468750e+00
1.673882751464843750e+02 1.462265472412109375e+02 6.603492736816406250e+01
5.359873962402343750e+01 1.463149719238281250e+02 4.452199554443359375e+01
9.008016204833984375e+01 1.219743881225585938e+02 2.309893417358398438e+01
1.755554809570312500e+02 1.475957031250000000e+02 -1.597893066406250000e+02
1.478378448486328125e+02 1.325322875976562500e+02 -1.013098602294921875e+02
1.076885757446289062e+02 1.197470932006835938e+02 -2.219981536865234375e+02
3.672744369506835938e+01 1.311459350585937500e+02 2.470639343261718750e+02
4.895080566406250000e+01 1.452406311035156250e+02 4.208079910278320312e+01
4.516798400878906250e+01 1.517875823974609375e+02 2.191131744384765625e+02
5.120791625976562500e+01 1.310675506591796875e+02 1.941601715087890625e+02
8.692385864257812500e+01 1.472230224609375000e+02 -4.769012832641601562e+01
5.271612167358398438e+01 1.523069763183593750e+02 -7.917678833007812500e+01
1.809188690185546875e+02 1.397530364990234375e+02 -9.659475708007812500e+01
6.540612030029296875e+01 1.393967742919921875e+02 -2.043140106201171875e+02
1.050674133300781250e+02 1.349680023193359375e+02 8.288126373291015625e+01
7.201348876953125000e+01 1.097413177490234375e+02 -2.861229896545410156e+01
1.014633941650390625e+02 1.471285095214843750e+02 -2.034822387695312500e+02
1.443759613037109375e+02 1.331494140625000000e+02 2.732053995132446289e+00
8.054904174804687500e+01 1.381891021728515625e+02 4.958397293090820312e+01
5.728350448608398438e+01 1.498487701416015625e+02 1.402801208496093750e+02
1.841368865966796875e+02 1.334156646728515625e+02 1.543703460693359375e+02
7.148921203613281250e+01 1.302160644531250000e+02 -2.066840515136718750e+02
2.142293167114257812e+01 1.335505371093750000e+02 -5.955903625488281250e+01
1.980462837219238281e+01 1.218402633666992188e+02 2.258370208740234375e+02
1.264302902221679688e+02 1.140578842163085938e+02 3.312115859985351562e+01
5.368154525756835938e+01 1.290858154296875000e+02 1.722978820800781250e+02
9.391638183593750000e+01 1.287327880859375000e+02 -5.718033218383789062e+01
1.640802574157714844e+01 1.158156204223632812e+02 1.968561401367187500e+02
3.098158073425292969e+01 1.126851501464843750e+02 -1.775903778076171875e+02
9.957095336914062500e+01 1.148160247802734375e+02 -1.724847984313964844e+01
4.869056320190429688e+01 1.444817352294921875e+02 -1.220268707275390625e+02
1.718259735107421875e+02 1.266597900390625000e+02 -6.758369445800781250e+01
1.186389694213867188e+02 -1.729781341552734375e+01 -1.318475799560546875e+02
1.839711914062500000e+02 -3.183443450927734375e+01 9.596097564697265625e+01
9.880202484130859375e+01 -1.990082550048828125e+01 -1.645847930908203125e+02
7.024728393554687500e+01 -9.295442581176757812e+00 1.982205810546875000e+02
7.242918968200683594e+00 8.198907852172851562e+00 2.218906707763671875e+02
1.817159729003906250e+02 -2.392388725280761719e+01 -1.750319366455078125e+02
1.326577301025390625e+02 -1.545117759704589844e+01 6.178148269653320312e+01
1.523942565917968750e+02 7.110081672668457031e+00 4.286069107055664062e+01
1.180499649047851562e+02 1.113408279418945312e+01 -1.814208831787109375e+02
8.412100982666015625e+01 -8.147386312484741211e-01 -4.968414688110351562e+01
7.370558166503906250e+01 -1.613160896301269531e+01 1.855623016357421875e+02
1.340324401855468750e+02 1.014904308319091797e+01 -2.484831848144531250e+02
7.312564086914062500e+01 -1.966814422607421875e+01 -2.667304992675781250e+02
2.101912117004394531e+01 -6.381641864776611328e+00 2.670293579101562500e+02
1.036452484130859375e+02 -1.432864189147949219e+01 4.955759429931640625e+01
1.748793640136718750e+02 -1.278970360755920410e+00 5.951035690307617188e+01
5.421949386596679688e+01 -2.493526458740234375e+01 -4.589151382446289062e+00
9.801158142089843750e+01 -2.354387640953063965e-01 -1.932305450439453125e+02
2.260898971557617188e+01 -2.019560813903808594e+00 -1.859909973144531250e+02
3.274074172973632812e+01 9.830248832702636719e+00 -1.781401977539062500e+02
3.968125104904174805e+00 3.479490041732788086e+00 -3.314730834960937500e+01
9.827388763427734375e+01 7.939901351928710938e+00 -8.372475433349609375e+01
4.290025234222412109e+00 -1.859413719177246094e+01 -1.566484069824218750e+02
1.679001159667968750e+02 1.229996681213378906e+00 3.670492172241210938e+01
1.556754302978515625e+02 7.153911113739013672e+00 -6.168195724487304688e+01
1.694500885009765625e+02 -2.815727996826171875e+01 1.111579437255859375e+02
1.032674484252929688e+02 -3.103815650939941406e+01 -2.268450622558593750e+02
6.002047729492187500e+01 5.041206836700439453e+00 4.924726104736328125e+01
1.454731082916259766e+01 -2.992824363708496094e+01 1.052493133544921875e+02
3.024274253845214844e+01 -8.164608955383300781e+00 1.096409149169921875e+02
1.381482238769531250e+02 -1.900144958496093750e+01 1.731560897827148438e+01
1.220707778930664062e+02 -5.199840068817138672e+00 -2.117807617187500000e+02
2.708276367187500000e+01 -1.522778272628784180e+00 1.922529907226562500e+02
1.490996093750000000e+02 7.456017303466796875e+01 1.415389099121093750e+02
3.420832824707031250e+01 9.771578216552734375e+01 1.312414455413818359e+01
5.960704803466796875e+01 7.766698455810546875e+01 -2.019076538085937500e+02
3.951246643066406250e+01 8.510254669189453125e+01 1.001410827636718750e+02
5.396271133422851562e+01 1.038614959716796875e+02 1.130330734252929688e+02
1.314116821289062500e+02 6.220117568969726562e+01 -2.117534179687500000e+02
4.966407775878906250e+01 1.004886398315429688e+02 -1.800572052001953125e+02
9.477172088623046875e+01 7.460955047607421875e+01 -1.741417846679687500e+02
1.194109916687011719e+01 8.819515228271484375e+01 2.249857940673828125e+02
1.171706619262695312e+02 9.497711944580078125e+01 -8.959049987792968750e+01
2.994320106506347656e+01 7.940863037109375000e+01 -1.162193145751953125e+02
6.108417510986328125e+01 6.297505187988281250e+01 -2.466785583496093750e+02
3.423505401611328125e+01 6.282904052734375000e+01 -9.223996734619140625e+01
8.277320098876953125e+01 8.903787231445312500e+01 -2.534760894775390625e+02
1.058409881591796875e+02 8.461644744873046875e+01 -2.313596496582031250e+02
1.065842132568359375e+02 8.988636779785156250e+01 1.692427062988281250e+02
4.267402267456054688e+01 8.086179351806640625e+01 -2.756939392089843750e+02
2.436230850219726562e+01 8.877088165283203125e+01 -1.400511779785156250e+02
1.007632522583007812e+02 1.021400985717773438e+02 -2.353239288330078125e+02
5.045133590698242188e+01 9.147357940673828125e+01 9.804983139038085938e+00
6.404422760009765625e+01 7.947709655761718750e+01 -3.272497177124023438e+01
1.113930416107177734e+01 9.379071044921875000e+01 -2.103142242431640625e+02
2.276241111755371094e+01 -2.778265686035156250e+02 -7.712279510498046875e+01
3.713095855712890625e+01 -2.761482849121093750e+02 2.928252696990966797e+00
1.559883880615234375e+01 -2.764159240722656250e+02 -1.111845245361328125e+02
3.493512725830078125e+01 -2.682293090820312500e+02 4.308499813079833984e+00
4.627157211303710938e+01 -2.825267944335937500e+02 -7.582526397705078125e+01
8.396532440185546875e+01 -2.814803161621093750e+02 -5.432230377197265625e+01
4.216109085083007812e+01 -2.727719116210937500e+02 -7.707233428955078125e+01
2.891053390502929688e+01 -2.797461547851562500e+02 2.453303337097167969e+01
4.575623703002929688e+01 -2.122554168701171875e+02 6.916286468505859375e+01
7.331754302978515625e+01 -2.044861602783203125e+02 1.540167083740234375e+02
8.714546203613281250e+01 -1.955736083984375000e+02 7.173838806152343750e+01
1.742346191406250000e+01 -1.789673004150390625e+02 -2.121349334716796875e+02
7.689549255371093750e+01 -2.035186004638671875e+02 -1.720232238769531250e+02
6.688163757324218750e+00 -1.875431365966796875e+02 -1.194169902801513672e+01
7.286297607421875000e+01 -1.936244964599609375e+02 1.952380065917968750e+02
1.557514648437500000e+02 -1.914588470458984375e+02 1.123029022216796875e+02
6.283152770996093750e+01 -1.972716674804687500e+02 -7.043436431884765625e+01
1.280676727294921875e+02 -1.778240814208984375e+02 1.526468038558959961e+00
1.482783050537109375e+02 -2.167958984375000000e+02 -1.098084163665771484e+01
7.418898010253906250e+01 -1.921552429199218750e+02 1.264839630126953125e+02
5.655261993408203125e+01 -1.823658294677734375e+02 1.384750213623046875e+02
1.734999847412109375e+02 -2.066391143798828125e+02 -5.451735973358154297e+00
1.389035491943359375e+02 -1.769844665527343750e+02 -7.717131137847900391e+00
8.674164581298828125e+01 -1.850863342285156250e+02 1.197394866943359375e+02
7.550042152404785156e+00 -1.750941619873046875e+02 -2.070049896240234375e+02
1.451033172607421875e+02 -1.763781280517578125e+02 4.168473052978515625e+01
1.165903625488281250e+02 -1.857002868652343750e+02 2.250655174255371094e+01
7.624337005615234375e+01 -2.107902221679687500e+02 1.073265762329101562e+02
2.700147247314453125e+01 -2.022382354736328125e+02 2.041757965087890625e+02
9.136832427978515625e+01 -1.937704467773437500e+02 -9.249039459228515625e+01
6.683946990966796875e+01 -1.770657196044921875e+02 -1.107800598144531250e+02
1.643613281250000000e+02 -1.911054382324218750e+02 -8.237123107910156250e+01
1.084158325195312500e+02 -1.814395751953125000e+02 1.259814834594726562e+02
2.179763221740722656e+01 -1.749893035888671875e+02 1.443873596191406250e+02
2.213111877441406250e+01 -1.796811828613281250e+02 -9.009892272949218750e+01
2.523581123352050781e+01 -1.967418212890625000e+02 -1.058322372436523438e+02
4.831261062622070312e+01 -1.915098571777343750e+02 -8.105435943603515625e+01
1.363845214843750000e+02 2.458101501464843750e+02 8.159340667724609375e+01
1.041330490112304688e+02 2.284816741943359375e+02 -1.077889938354492188e+02
4.420529937744140625e+01 2.186615447998046875e+02 -1.800919494628906250e+02
5.572451782226562500e+01 2.221516265869140625e+02 -8.233303070068359375e+01
4.354830169677734375e+01 2.400551910400390625e+02 -9.605028533935546875e+01
1.315310516357421875e+02 2.279018096923828125e+02 -9.357871246337890625e+01
2.695476531982421875e+01 2.416248016357421875e+02 1.590308685302734375e+02
7.272660064697265625e+01 2.239754028320312500e+02 -1.143753204345703125e+02
1.125560569763183594e+01 2.421096954345703125e+02 -1.542111511230468750e+02
6.003811264038085938e+01 2.057626495361328125e+02 1.753050842285156250e+02
1.072034072875976562e+02 2.043386230468750000e+02 -6.504158020019531250e+01
1.413127136230468750e+02 2.104826202392578125e+02 9.158032226562500000e+01
1.530811004638671875e+02 2.353629913330078125e+02 5.748394012451171875e+01
1.471877593994140625e+02 2.253413543701171875e+02 -3.280164337158203125e+01
4.900677490234375000e+01 2.411605682373046875e+02 -1.535533905029296875e+02
1.948319625854492188e+01 2.044025268554687500e+02 1.011195144653320312e+02
6.940489196777343750e+01 2.034749603271484375e+02 1.373960113525390625e+02
2.643336105346679688e+01 -2.575152587890625000e+02 -2.340350914001464844e+01
1.277630233764648438e+02 -2.540573272705078125e+02 -3.885451126098632812e+01
9.442130279541015625e+01 -2.486192016601562500e+02 -8.351017761230468750e+01
1.392834014892578125e+02 -2.220806732177734375e+02 1.889395904541015625e+01
2.112712097167968750e+01 -2.500039672851562500e+02 1.240641784667968750e+02
1.353744659423828125e+02 -2.605401000976562500e+02 -4.905452346801757812e+01
3.011502981185913086e+00 -2.256705169677734375e+02 6.742739105224609375e+01
7.826602935791015625e+01 -2.571396484375000000e+02 7.564037322998046875e+01
9.343973541259765625e+01 -2.518834075927734375e+02 -8.646212768554687500e+01
4.418666839599609375e+01 -2.220835571289062500e+02 -3.488986587524414062e+01
1.369075927734375000e+02 -2.566093139648437500e+02 6.587597656250000000e+01
5.887701416015625000e+01 -2.269403991699218750e+02 1.725813293457031250e+02
1.413518218994140625e+02 -2.480184478759765625e+02 -7.222764587402343750e+01
1.353796234130859375e+02 -2.495587310791015625e+02 8.346055603027343750e+01
1.037726745605468750e+02 -2.512419738769531250e+02 -5.861924362182617188e+01
5.919158554077148438e+01 -2.397991333007812500e+02 -7.848054504394531250e+01
2.295211219787597656e+01 -2.309824676513671875e+02 -2.213926315307617188e+01
5.154696273803710938e+01 -4.721806716918945312e+01 8.292350769042968750e+01
1.705690383911132812e+01 -7.197074890136718750e+01 2.516317901611328125e+02
3.962214946746826172e+00 -5.740996170043945312e+01 -6.471987152099609375e+01
5.199852752685546875e+01 -4.598452758789062500e+01 -1.227397613525390625e+02
1.787869415283203125e+02 -7.859406280517578125e+01 -6.852996826171875000e+01
2.200885772705078125e+01 -4.849294281005859375e+01 -1.111586914062500000e+02
1.472119140625000000e+02 -5.748416519165039062e+01 -2.174082489013671875e+02
1.592100830078125000e+02 -6.229502487182617188e+01 -2.220953216552734375e+02
1.775366210937500000e+02 -4.330883407592773438e+01 2.151723480224609375e+02
1.567702007293701172e+01 -5.037049865722656250e+01 4.724194717407226562e+01
1.818822860717773438e+01 -5.170255279541015625e+01 -8.253414154052734375e+01
1.660588989257812500e+02 -4.843225860595703125e+01 -4.261106491088867188e+01
1.285030212402343750e+02 -3.871308135986328125e+01 -1.758276519775390625e+02
6.784526062011718750e+01 -5.698741149902343750e+01 -9.876196289062500000e+01
1.566865844726562500e+02 -7.328267669677734375e+01 8.864212799072265625e+01
1.869974899291992188e+01 -5.305100250244140625e+01 -2.232781524658203125e+02
1.443407592773437500e+02 -4.744260787963867188e+01 -7.816749572753906250e+01
1.412683258056640625e+02 -4.749367904663085938e+01 -6.053123855590820312e+01
1.194735107421875000e+02 -7.004325103759765625e+01 2.515269851684570312e+01
1.014903335571289062e+02 -5.345042800903320312e+01 -2.363787269592285156e+01
1.183765716552734375e+02 -3.774788284301757812e+01 1.412782745361328125e+02
2.093256759643554688e+01 -6.570362091064453125e+01 1.211369781494140625e+02
8.487944793701171875e+01 -5.929308700561523438e+01 2.273556709289550781e+01
1.195367279052734375e+02 -3.565339279174804688e+01 9.070574188232421875e+01
8.306012725830078125e+01 -6.656953430175781250e+01 2.124135284423828125e+02
7.471384429931640625e+01 -7.191992187500000000e+01 1.395014190673828125e+02
1.633418731689453125e+02 -4.804022598266601562e+01 -2.289320220947265625e+02
8.652824401855468750e+01 -1.258515014648437500e+02 9.047822570800781250e+01
1.646757202148437500e+02 -8.225991821289062500e+01 -5.824436569213867188e+01
5.209479141235351562e+01 -9.309154510498046875e+01 -6.479009246826171875e+01
1.032741775512695312e+02 -1.147864913940429688e+02 9.600372314453125000e+01
1.147121429443359375e+02 -1.013002166748046875e+02 1.601353149414062500e+02
1.249113388061523438e+02 -1.177505493164062500e+02 -1.550551452636718750e+02
1.788458251953125000e+02 -8.121205902099609375e+01 1.511703186035156250e+02
1.511584167480468750e+02 -1.161251449584960938e+02 1.160222015380859375e+02
9.405967712402343750e+01 -9.575253295898437500e+01 -2.201235656738281250e+02
1.294825592041015625e+02 -1.153461456298828125e+02 -2.237717247009277344e+01
1.439390716552734375e+02 -1.091083297729492188e+02 -1.281505584716796875e+02
1.376105804443359375e+02 -1.136272048950195312e+02 -1.316231994628906250e+02
1.368028411865234375e+02 -8.104643249511718750e+01 -1.737869262695312500e+02
1.500676879882812500e+02 -8.239055633544921875e+01 -1.519808959960937500e+02
1.462409057617187500e+02 -1.172906188964843750e+02 -1.062408752441406250e+02
7.530778503417968750e+01 -9.755078125000000000e+01 -1.206322789192199707e+00
9.184700965881347656e+00 -1.144051208496093750e+02 3.066049957275390625e+01
1.217080783843994141e+01 -1.023947525024414062e+02 -6.695395660400390625e+01
1.127499389648437500e+02 -1.015653076171875000e+02 -2.403241119384765625e+02
4.672996139526367188e+01 -1.244612960815429688e+02 1.990245819091796875e+00
1.663024444580078125e+02 -9.789965820312500000e+01 -1.477719573974609375e+02
1.464012451171875000e+02 -1.190412979125976562e+02 -2.325970916748046875e+02
1.352374572753906250e+02 -9.420257568359375000e+01 1.968045654296875000e+02
6.923081207275390625e+01 -1.157520751953125000e+02 -1.946932525634765625e+02
1.465475921630859375e+02 -1.086339797973632812e+02 1.726256713867187500e+02
1.530557250976562500e+02 -8.597859954833984375e+01 -5.970029830932617188e+01
9.681908607482910156e+00 -9.199671173095703125e+01 -2.776534423828125000e+02
1.035510864257812500e+02 -9.460530090332031250e+01 -2.488062896728515625e+02
1.034785385131835938e+02 -1.159429855346679688e+02 2.728437232971191406e+01
1.169800033569335938e+02 -1.095788116455078125e+02 -1.412470855712890625e+02
7.470679473876953125e+01 -9.346902465820312500e+01 -7.624512672424316406e+00
6.876395416259765625e+01 -8.069780731201171875e+01 2.302384796142578125e+02
1.033509979248046875e+02 -1.030128707885742188e+02 1.144244155883789062e+02
2.149525833129882812e+01 -1.152558135986328125e+02 1.756352386474609375e+02
6.590791320800781250e+01 -1.098754730224609375e+02 -1.232274818420410156e+01
1.243336410522460938e+02 -1.064986343383789062e+02 -1.488034820556640625e+02
1.396241607666015625e+02 -9.613124847412109375e+01 -1.046765365600585938e+02
1.786643676757812500e+02 -8.936128997802734375e+01 1.202983551025390625e+02
1.177478179931640625e+02 -8.988729858398437500e+01 -2.387941589355468750e+02
2.645943832397460938e+01 2.758071289062500000e+02 5.605361938476562500e+01
8.581181526184082031e+00 2.699189453125000000e+02 -1.117535018920898438e+02
5.585910415649414062e+01 2.723582458496093750e+02 -9.364498138427734375e+01
1.208705215454101562e+02 2.575873107910156250e+02 8.267629241943359375e+01
8.097119903564453125e+01 2.671442565917968750e+02 1.088869705200195312e+02
2.071611785888671875e+01 2.865594787597656250e+02 -3.032131576538085938e+01
1.863217620849609375e+02 1.077957992553710938e+02 1.237842025756835938e+02
1.854206085205078125e+02 1.257325439453125000e+02 -4.052785110473632812e+01
2.318790130615234375e+02 1.327868499755859375e+02 5.886061859130859375e+01
1.881515655517578125e+02 1.151663742065429688e+02 -9.889830017089843750e+01
2.220693054199218750e+02 1.099901123046875000e+02 1.191467380523681641e+01
1.873333740234375000e+02 1.453069305419921875e+02 5.648533630371093750e+01
2.023670959472656250e+02 1.194279022216796875e+02 -1.558294525146484375e+02
1.932646484375000000e+02 1.120502243041992188e+02 -1.861333618164062500e+02
2.054716949462890625e+02 1.081905441284179688e+02 8.729616546630859375e+01
1.998418731689453125e+02 1.307114562988281250e+02 1.465374298095703125e+02
2.022903137207031250e+02 1.181691436767578125e+02 -1.272175674438476562e+02
2.302680206298828125e+02 1.527231445312500000e+02 9.533547210693359375e+01
2.113195648193359375e+02 1.945301818847656250e+02 1.430596923828125000e+01
1.912800903320312500e+02 1.614076995849609375e+02 1.841816520690917969e+01
2.110666198730468750e+02 1.666553497314453125e+02 -9.925821685791015625e+01
2.187220764160156250e+02 1.694341125488281250e+02 9.543131105601787567e-03
2.132532653808593750e+02 -3.931304550170898438e+01 1.583855895996093750e+02
2.239469451904296875e+02 -7.880306243896484375e+01 1.420262908935546875e+02
2.327892150878906250e+02 -7.453596496582031250e+01 6.139374542236328125e+01
2.434127807617187500e+02 -4.229509353637695312e+01 5.984527587890625000e+01
2.529586029052734375e+02 -7.799258422851562500e+01 -1.297514247894287109e+01
2.334509277343750000e+02 -5.310779953002929688e+01 1.226296157836914062e+02
2.593600463867187500e+02 -5.622731781005859375e+01 6.859330749511718750e+01
2.730199584960937500e+02 -6.394905853271484375e+01 2.169411087036132812e+01
2.064757080078125000e+02 -5.484449005126953125e+01 -1.353588867187500000e+02
2.772178344726562500e+02 -5.636323547363281250e+01 2.549814987182617188e+01
2.088068389892578125e+02 -8.946212005615234375e+01 1.530228424072265625e+02
1.962202606201171875e+02 -8.527880096435546875e+01 -1.478320007324218750e+02
2.039721221923828125e+02 -8.783052825927734375e+01 -4.540322113037109375e+01
2.396595458984375000e+02 -9.195509338378906250e+01 -1.388558502197265625e+02
2.209048767089843750e+02 -1.200411682128906250e+02 -1.474509735107421875e+02
2.785546875000000000e+02 -9.827894592285156250e+01 2.514114761352539062e+01
2.140373535156250000e+02 -1.614030151367187500e+02 -8.133628845214843750e+01
2.456901397705078125e+02 -1.604932861328125000e+02 3.485888290405273438e+01
2.438118743896484375e+02 -1.665796051025390625e+02 -8.436388969421386719e+00
2.440312805175781250e+02 -1.270999145507812500e+02 1.089156799316406250e+02
2.237398681640625000e+02 -1.571996154785156250e+02 8.137624359130859375e+01
2.398134002685546875e+02 9.588990020751953125e+01 -5.722763442993164062e+01
1.973720092773437500e+02 7.930553436279296875e+01 -1.438619842529296875e+02
2.528493041992187500e+02 9.176197052001953125e+01 -3.383068847656250000e+01
2.660742797851562500e+02 1.073904724121093750e+02 4.272623062133789062e+01
2.056063842773437500e+02 9.645803833007812500e+01 1.026393051147460938e+02
2.108413848876953125e+02 7.322710418701171875e+01 1.412368011474609375e+01
2.650713806152343750e+02 7.583588409423828125e+01 -1.132948150634765625e+02
2.364450225830078125e+02 8.191932678222656250e+01 -1.571860656738281250e+02
2.394450836181640625e+02 6.178720474243164062e+01 -1.304031372070312500e+02
2.499000701904296875e+02 6.180049896240234375e+01 -2.692277336120605469e+01
2.665269470214843750e+02 1.358361053466796875e+01 -8.919092559814453125e+01
2.634761352539062500e+02 -2.376497268676757812e+01 1.190434799194335938e+02
2.890316772460937500e+02 8.179808855056762695e-01 7.723217010498046875e+01
2.033526458740234375e+02 -1.032255077362060547e+01 1.093014221191406250e+02
2.742373046875000000e+02 -6.386465549468994141e+00 -5.003755569458007812e+01
2.493859252929687500e+02 8.445762634277343750e+00 -1.313951721191406250e+02
2.616176147460937500e+02 9.142943382263183594e+00 1.454207763671875000e+02
2.679671325683593750e+02 1.267979145050048828e+01 9.696370697021484375e+01
1.921906585693359375e+02 -1.405739116668701172e+01 -1.611785125732421875e+02
2.107334442138671875e+02 -1.314079475402832031e+01 7.561298370361328125e+01
1.948263244628906250e+02 -4.861178874969482422e+00 5.580364608764648438e+01
2.231108093261718750e+02 -2.325577545166015625e+01 8.515756225585937500e+01
2.104732666015625000e+02 1.121054744720458984e+01 2.110054473876953125e+02
2.139970550537109375e+02 5.428956985473632812e+01 -6.204592132568359375e+01
2.263482666015625000e+02 5.649916458129882812e+01 1.299662628173828125e+02
2.861150817871093750e+02 1.561562156677246094e+01 4.775558471679687500e+01
1.872073059082031250e+02 3.805285644531250000e+01 -1.889760437011718750e+02
2.081732482910156250e+02 2.002535820007324219e+01 -6.601010322570800781e+00
1.923765869140625000e+02 3.782937622070312500e+01 -1.968328552246093750e+02
2.057696838378906250e+02 5.811793518066406250e+01 -1.596859741210937500e+01
2.031650543212890625e+02 5.264907455444335938e+01 -7.359092712402343750e+00
2.211866760253906250e+02 3.077471351623535156e+01 1.715967864990234375e+02
2.430642089843750000e+02 3.664635848999023438e+01 7.793191528320312500e+01
2.226437988281250000e+02 2.853641510009765625e+01 1.088427200317382812e+02
2.888210449218750000e+02 2.511404228210449219e+01 -6.054576873779296875e+00
